Cables to test STAP90
12		1		1		1
1		1		1		1		0.0		0.0		0.0
2		1		1		1		15.0	0.0		0.0
3		0		0		1		3.0		0.0		0.0
4		0		0		1		6.0		0.0		0.0
5		0		0		1		9.0		0.0		0.0
6		0		0		1		12.0	0.0		0.0
7		0		0		1		0.0		4.0		0.0
8		0		0		1		3.0		4.0		0.0
9		0		0		1		6.0		4.0		0.0
10		0		0		1		9.0		4.0		0.0
11		0		0		1		12.0	4.0		0.0
12		0		0		1		15.0	4.0		0.0
1		1
4		2		-7.0E3
1		22		1
1		1.5E11	1.0E-2
1		1		7		1
2		3		8		1
3		4		9		1
4		5		10		1
5		6		11		1
6		2		12		1
7		1		3		1
8		3		4		1
9		4		5		1
10		5		6		1
11		6		2		1
12		7		8		1
13		8		9		1
14		9		10		1
15		10		11		1
16		11		12		1
17		7		3		1
18		8		4		1
19		9		5		1
20		4		10		1
21		5		11		1
22		6		12		1
